year	month	Capelin	Herring	Pollock	SandLance	Other
1978	Jul	0	0	0	1	0
1978	Aug	0	0	0	1	0
1978	Aug	0	0	0	6	0
1978	Aug	0	0	0	1	0
1978	Aug	0	0	0	1	0
1978	Aug	0	0	0	1	0
1978	Aug	0	0	0	2	0
1978	Aug	0	0	0	0	1
1978	Aug	0	0	0	5	2
1978	Aug	0	0	0	8	0
1978	Jul	0	0	0	7	1
1978	Jul	0	0	0	2	0
1978	Jul	0	0	0	1	1
1978	Jul	0	0	0	4	2
1978	Jul	0	0	0	5	0
1978	Jul	0	0	0	3	0
1978	Jul	0	0	0	0	1
1978	Aug	0	0	0	4	0
1986	Aug	0	0	0	1	1
1986	Aug	0	0	1	2	0
1986	Aug	0	0	0	1	0
1987	Jul	0	0	0	6	1
1987	Aug	0	0	0	1	0
1987	Aug	2	0	0	0	0
1987	Aug	0	0	0	6	0
1987	Aug	0	0	0	4	0
1987	Jul	0	0	0	0	1
1989	Aug	0	0	5	0	0
1990	Jul	0	0	0	1	0
1990	Jul	0	0	1	1	1
1990	Jul	0	0	4	0	0
1990	Jul	0	0	0	10	0
1990	Aug	0	0	0	0	1
1990	Aug	0	0	1	0	1
1990	Aug	0	0	0	1	2
1990	Aug	0	0	1	0	0
1990	Jul	0	0	1	0	1
1990	Jul	0	0	6	0	0
1990	Jul	0	0	10	0	1
1990	Jul	0	0	6	2	0
1990	Jul	0	0	3	0	1
1990	Jul	0	0	0	1	0
1990	Jul	0	0	2	0	3
1990	Jul	0	0	0	0	1
1993	Aug	0	0	0	0	2
1993	Aug	0	0	0	0	2
1993	Aug	0	0	0	0	1
1993	Aug	0	0	0	0	5
1993	Aug	0	0	0	0	2
1993	Aug	0	0	0	0	8
1993	Aug	0	0	0	0	4
1993	Aug	0	0	0	0	9
1993	Aug	0	0	0	0	1
1993	Aug	0	0	0	1	0
1993	Aug	0	0	0	1	2
1993	Aug	0	0	0	0	2
1993	Aug	0	0	0	1	1
1993	Aug	0	0	0	2	0
1993	Aug	0	0	0	0	1
1993	Aug	0	0	0	0	1
1993	Aug	0	0	0	0	1
1993	Aug	0	0	0	0	1
1993	Aug	0	0	0	0	1
1993	Aug	0	0	1	0	1
1993	Aug	0	0	0	1	1
1993	Aug	0	0	0	0	2
1993	Aug	0	0	0	0	2
1993	Aug	0	0	0	0	2
1993	Aug	0	0	0	0	1
1993	Aug	0	0	0	2	0
1993	Aug	0	0	0	0	1
1993	Aug	0	0	0	0	2
1993	Aug	0	0	0	0	1
1993	Aug	0	0	0	0	2
1993	Aug	0	0	0	0	1
1993	Aug	0	0	0	0	1
1993	Aug	1	0	0	0	1
1993	Aug	1	0	0	0	0
1993	Aug	0	0	1	0	0
1993	Aug	0	0	0	1	0
1993	Aug	0	0	0	0	2
1993	Aug	0	0	0	0	2
1994	Jul	0	0	5	0	0
1994	Jul	0	0	8	0	0
1994	Jul	0	0	8	0	0
1994	Aug	1	0	0	0	0
1994	Aug	0	0	4	0	0
1994	Aug	0	0	7	0	0
1994	Aug	0	0	13	0	1
1994	Jul	0	0	8	0	0
1994	Jul	0	0	7	0	0
1994	Jul	0	0	2	0	2
1994	Jul	0	0	3	0	1
1994	Jul	0	0	3	0	0
1994	Jul	0	0	1	0	0
1994	Jul	0	0	1	0	0
1994	Jul	0	0	2	0	0
1995	Aug	4	0	0	0	0
1995	Aug	0	0	1	0	0
1995	Aug	0	0	1	0	2
1995	Aug	0	0	1	0	0
1995	Aug	0	0	3	0	4
1995	Aug	24	0	1	0	0
1995	Aug	0	0	0	3	0
1995	Aug	0	0	0	0	1
1995	Jul	0	0	1	0	0
1995	Jul	0	0	1	0	2
1995	Jul	0	0	7	0	2
1995	Jul	0	0	7	0	0
1995	Aug	0	0	0	3	0
1995	Aug	0	0	3	0	1
1995	Aug	0	0	6	0	1
1997	Jul	0	0	0	1	0
1997	Aug	0	0	0	10	0
1997	Jul	0	0	0	7	0
1997	Aug	0	0	0	1	0
1997	Aug	0	0	0	4	0
1997	Jul	0	0	0	4	0
1997	Aug	0	0	0	5	0
1997	Aug	0	0	0	7	0
1997	Aug	0	0	0	1	1
1997	Aug	0	0	0	7	0
1997	Jul	0	0	0	1	0
1997	Aug	0	0	0	6	1
1997	Aug	0	0	0	5	0
1997	Aug	0	0	0	1	0
1997	Aug	0	0	0	7	0
1997	Aug	0	0	1	4	0
1997	Aug	0	0	0	1	0
1997	Aug	0	2	0	6	1
1997	Aug	0	3	0	0	0
1997	Aug	0	0	0	5	0
1997	Jul	0	0	0	1	0
1997	Aug	0	1	0	2	0
1997	Aug	2	0	0	0	0
1997	Aug	0	0	0	1	0
1997	Jul	0	0	2	2	0
1997	Jul	0	0	0	0	3
1997	Jul	0	0	1	2	0
1997	Jul	0	0	0	8	0
1997	Aug	0	0	0	10	0
1997	Jul	0	0	0	2	0
1997	Aug	0	0	0	10	0
1997	Aug	0	0	0	8	0
1997	Aug	0	0	0	1	0
1997	Aug	0	0	0	2	0
1997	Jul	0	0	0	4	0
1999	Jul	0	0	0	1	0
1999	Jul	0	0	1	5	0
1999	Jul	0	0	0	4	0
1999	Jul	0	0	2	9	0
1999	Jul	0	0	0	14	0
1999	Jul	0	0	0	1	0
1999	Jul	0	0	0	2	0
1999	Jul	0	0	0	2	0
1999	Jul	0	0	0	2	0
1999	Jul	0	0	0	3	0
1999	Jul	0	0	0	3	1
1999	Jul	0	0	0	3	0
1999	Jul	0	0	0	1	0
1999	Jul	1	0	0	0	0
1999	Jul	0	0	1	0	0
1999	Jul	0	1	0	2	0
1999	Jul	0	0	0	2	0
1999	Jul	0	0	0	4	0
1999	Jul	0	0	1	4	0
1999	Jul	0	0	0	1	0
1999	Jul	0	0	0	3	0
1999	Jul	0	0	0	3	0
1999	Jul	0	0	0	1	0
1999	Aug	0	0	0	7	0
1999	Aug	0	3	0	2	0
1999	Aug	0	0	0	7	0
1999	Aug	0	0	0	7	0
1999	Aug	0	0	0	1	0
1999	Aug	0	0	0	1	0
1999	Aug	0	0	0	2	0
1999	Aug	0	0	0	1	0
1999	Aug	0	0	0	3	0
1999	Jul	0	0	4	1	1
1999	Aug	0	0	0	13	0
1999	Aug	0	0	0	3	0
1999	Aug	0	0	0	1	0
1999	Aug	0	0	0	1	0
1999	Aug	0	0	0	7	0
1999	Aug	0	0	0	1	0
1999	Aug	0	0	0	0	2
1999	Aug	0	0	0	2	0
1999	Aug	0	0	0	7	0
1999	Aug	0	0	0	1	0
1999	Jul	0	0	0	7	0
1999	Aug	0	0	0	3	0
1999	Aug	0	0	0	4	0
1999	Aug	0	0	1	2	0
1999	Aug	0	0	0	3	0
1999	Aug	0	0	2	1	0
1999	Aug	0	0	0	5	0
1999	Aug	0	0	0	8	0
1999	Aug	0	0	0	1	0
1999	Aug	0	0	0	3	0
1999	Aug	0	0	0	2	0
1999	Aug	0	0	0	1	0
1999	Aug	0	0	0	1	0
1999	Aug	0	0	0	1	0
1999	Aug	0	0	0	3	0
1999	Aug	0	0	0	4	0
1999	Jul	0	0	1	0	0
1999	Jul	0	0	0	2	0
1999	Jul	0	0	0	2	0
2000	Jul	0	0	1	0	0
2000	Jul	2	0	0	0	0
2000	Jul	0	0	0	2	0
2000	Jul	0	0	0	1	0
2000	Jul	0	5	0	2	1
2000	Jul	0	0	0	1	0
2000	Jul	0	0	0	1	0
2000	Aug	0	0	0	1	0
2000	Aug	0	0	0	1	0
2000	Aug	0	1	0	0	0
2000	Jul	0	0	0	1	0
2000	Aug	0	0	2	0	0
2000	Aug	0	0	1	1	0
2000	Aug	1	2	0	0	0
2000	Aug	0	1	1	1	0
2000	Aug	1	0	0	0	0
2000	Aug	12	0	1	0	1
2000	Aug	0	1	1	0	2
2000	Aug	0	0	1	2	0
2000	Jul	0	0	0	0	1
2000	Aug	0	0	0	1	0
2000	Aug	0	0	0	1	0
2000	Aug	0	1	0	0	0
2000	Aug	0	0	0	4	0
2000	Jul	0	0	0	0	1
2000	Aug	0	0	0	1	0
2000	Aug	0	0	0	1	0
2000	Aug	0	0	0	0	1
2000	Aug	0	0	0	1	0
2000	Aug	0	2	3	1	2
2000	Aug	0	7	2	0	0
2000	Aug	0	0	0	0	1
2000	Aug	0	0	0	0	1
2000	Aug	0	0	0	1	0
2000	Aug	0	0	1	0	0
2000	Aug	0	0	1	0	0
2000	Aug	0	0	0	1	0
2000	Aug	5	0	0	0	0
2000	Aug	0	1	3	0	0
2000	Aug	0	1	0	0	0
2000	Aug	0	0	2	0	1
2000	Aug	0	0	0	0	1
2000	Jul	0	0	0	1	0
2000	Jul	0	0	0	1	0
2001	Jul	0	0	0	1	0
2001	Jul	0	0	0	1	0
2001	Jul	0	0	0	9	0
2001	Jul	1	0	0	0	0
2001	Jul	0	0	0	1	0
2001	Jul	0	0	0	1	0
2001	Jul	0	0	3	1	1
2001	Jul	0	0	4	5	0
2001	Jul	0	0	1	0	0
2001	Jul	0	0	6	0	1
2001	Jul	0	0	4	0	0
2001	Jul	0	0	1	7	0
2001	Jul	0	0	2	0	0
2001	Aug	0	0	0	1	0
2001	Aug	0	0	0	1	0
2001	Aug	0	0	0	7	0
2001	Aug	0	0	0	6	0
2001	Aug	0	1	0	2	0
2001	Aug	0	0	0	2	0
2001	Aug	0	0	0	3	0
2001	Aug	0	0	0	14	0
2001	Aug	0	0	0	2	0
2001	Jul	0	0	0	0	1
2001	Aug	0	0	0	2	0
2001	Aug	0	0	0	3	0
2001	Aug	0	0	0	8	0
2001	Aug	0	0	0	2	0
2001	Aug	0	0	0	1	0
2001	Jul	0	0	1	1	1
2001	Jul	0	0	0	3	0
2001	Jul	0	0	0	5	0
2001	Jul	0	0	0	9	0
2001	Jul	0	1	0	5	0
2001	Jul	0	0	8	0	0
2002	Jul	0	0	0	9	0
2002	Jul	0	0	0	0	3
2002	Jul	0	0	0	0	2
2002	Jul	0	0	0	7	0
2002	Aug	0	0	0	0	2
2002	Aug	0	0	0	0	3
2002	Aug	0	0	0	0	2
2002	Aug	0	0	0	0	1
2002	Aug	0	0	0	1	0
2002	Aug	0	0	0	0	4
2002	Aug	0	0	1	0	1
2002	Jul	0	0	0	1	0
2002	Aug	0	0	0	1	0
2002	Aug	4	0	0	0	1
2002	Jul	0	0	0	1	0
2002	Jul	0	0	0	7	0
2002	Jul	0	0	0	1	0
2002	Jul	0	0	0	3	0
2002	Jul	0	0	0	0	6
2002	Jul	0	0	1	0	0
2002	Jul	0	0	0	1	0
2003	Jul	0	0	0	1	0
2003	Jul	0	1	0	0	0
2003	Jul	0	0	0	1	0
2003	Jul	0	0	0	0	1
2003	Jul	0	0	0	1	2
2003	Jul	0	4	0	0	0
2003	Jul	0	0	0	0	1
2003	Jul	0	0	0	1	0
2003	Jul	0	1	0	1	0
2003	Jul	0	1	0	0	0
2003	Jul	0	0	0	1	0
2003	Jul	0	5	0	2	0
2003	Jul	0	1	0	1	0
2004	Jul	0	1	0	16	0
2004	Aug	0	3	0	0	0
2004	Aug	0	0	0	1	0
2004	Aug	0	0	0	0	1
2004	Aug	0	0	0	1	0
2004	Aug	0	2	0	5	0
2004	Aug	0	0	0	2	0
2004	Aug	0	0	0	3	1
2004	Aug	0	0	0	4	2
2004	Aug	0	0	0	1	0
2004	Jul	0	2	0	10	1
2004	Aug	0	0	0	12	1
2004	Aug	0	21	0	37	0
2004	Aug	0	10	0	3	2
2004	Aug	0	0	0	12	1
2004	Aug	0	9	0	0	8
2004	Jul	0	0	0	8	0
2004	Jul	0	2	0	4	1
2004	Jul	0	0	0	0	1
2004	Jul	0	0	0	2	0
2004	Jul	0	4	0	1	0
2004	Jul	0	0	0	0	1
2004	Aug	0	1	0	1	2
2004	Aug	0	0	0	0	1
2005	Aug	0	0	0	3	0
2005	Aug	0	0	0	1	0
2005	Aug	0	0	0	0	1
2005	Aug	0	0	0	1	0
2005	Aug	0	0	0	3	0
2005	Aug	0	0	0	2	0
2005	Aug	0	0	0	4	0
2005	Aug	0	0	0	5	0
2005	Aug	0	3	0	3	1
2005	Jul	0	0	0	0	1
2005	Aug	0	0	0	2	0
2005	Aug	0	0	0	1	0
2006	Jul	0	0	0	0	2
2006	Jul	0	16	0	1	0
2006	Jul	0	0	0	0	3
2006	Jul	0	0	0	0	1
2006	Jul	0	8	0	0	0
2006	Jul	0	9	0	6	0
2006	Jul	0	6	0	0	1
2006	Jul	1	1	4	0	0
2006	Jul	0	0	0	2	2
2006	Jul	0	0	0	0	2
2006	Jul	3	2	0	1	0
2006	Jul	0	1	0	5	0
2006	Jul	0	1	0	8	0
2006	Jul	0	0	0	8	1
2007	Jul	0	1	0	0	0
2007	Jul	0	25	0	0	0
2007	Aug	0	14	0	0	0
2007	Aug	0	10	0	0	0
2007	Aug	0	17	0	1	0
2007	Aug	0	18	0	1	0
2007	Aug	0	7	0	0	0
2007	Aug	0	0	0	1	0
2007	Aug	0	0	0	3	0
2008	Jul	0	0	7	0	0
2008	Aug	5	0	0	0	0
2008	Aug	14	0	0	2	0
2008	Aug	9	0	0	0	0
2008	Aug	3	0	0	0	0
2008	Aug	4	0	0	0	0
2008	Aug	1	0	0	0	1
2008	Aug	0	0	0	0	1
2008	Aug	1	0	2	0	0
2008	Aug	11	0	0	0	0
2009	Jul	1	0	0	0	0
2009	Jul	0	0	0	5	0
2009	Jul	6	0	0	0	0
2009	Jul	0	1	0	0	0
2009	Jul	0	0	6	1	0
2009	Jul	0	0	0	4	0
2009	Jul	0	8	0	8	0
2009	Jul	0	0	0	1	0
2009	Jul	0	0	0	1	0
2009	Jul	0	0	0	1	0
2009	Jul	0	0	4	0	0
2009	Jul	0	0	0	1	0
2009	Jul	0	0	0	1	0
2009	Aug	0	10	0	0	0
2009	Aug	0	1	0	1	0
2009	Aug	0	0	0	1	0
2009	Aug	0	0	1	0	1
2009	Aug	0	7	0	0	0
2009	Aug	0	0	6	0	0
2009	Aug	0	7	0	0	0
2009	Jul	5	0	0	0	1
2009	Aug	0	0	0	1	2
2009	Jul	0	0	0	0	1
2009	Jul	0	0	2	0	1
2009	Jul	1	0	0	0	4
2009	Jul	0	0	0	0	1
2009	Jul	0	0	0	1	1
2009	Jul	0	0	0	0	1
2010	Jul	1	0	0	0	0
2010	Aug	0	10	0	2	0
2010	Aug	1	0	0	0	0
2010	Aug	1	7	0	9	0
2010	Aug	4	1	0	0	0
2010	Aug	0	5	0	13	0
2010	Aug	0	20	0	4	0
2010	Aug	2	20	0	6	0
2010	Aug	0	21	0	15	0
2010	Aug	0	7	0	1	0
2010	Aug	0	0	0	1	0
2010	Aug	0	2	0	11	0
2010	Aug	0	6	0	0	1
2010	Aug	1	0	1	0	0
2010	Aug	20	0	0	0	0
2010	Aug	0	0	0	1	0
2010	Aug	0	4	0	0	3
2010	Aug	0	3	2	0	0
2010	Aug	20	0	0	0	0
2010	Aug	18	0	0	0	0
2010	Aug	5	0	0	0	0
2010	Aug	3	1	0	1	0
2010	Aug	25	0	0	0	0
2010	Aug	15	0	0	0	0
2010	Aug	30	0	0	0	1
2010	Aug	0	0	0	0	1
2010	Aug	0	0	0	4	0
2010	Aug	25	0	0	0	0
2010	Aug	10	0	0	0	0
2010	Aug	25	0	0	0	0
2010	Aug	15	0	0	4	0
2010	Aug	20	0	0	0	0
2010	Aug	0	0	0	1	0
2010	Aug	6	0	0	0	0
2010	Aug	0	4	0	0	0
2010	Aug	20	0	0	0	0
2010	Aug	30	0	0	0	0
2010	Aug	30	0	0	0	0
2010	Aug	0	3	0	0	0
2010	Aug	30	0	0	0	0
2010	Aug	20	0	0	0	0
2010	Aug	40	0	0	0	0
2010	Aug	0	1	3	0	2
2010	Aug	0	0	0	1	0
2010	Aug	10	0	0	1	0
2010	Aug	30	0	0	0	0
2010	Aug	30	0	0	0	0
2010	Aug	0	12	0	0	0
2010	Aug	40	0	0	0	0
2010	Aug	0	29	0	0	0
2010	Aug	0	14	0	0	0
2010	Aug	40	0	0	0	0
2010	Aug	2	0	0	0	0
2010	Aug	0	0	0	0	1
2010	Aug	1	0	0	0	0
2010	Aug	35	0	0	0	0
2010	Aug	30	0	0	0	0
2010	Aug	2	0	0	0	0
2010	Aug	30	1	0	1	0
2010	Aug	0	0	0	0	1
2010	Aug	15	5	0	0	0
2010	Aug	25	0	0	0	0
2010	Aug	25	1	0	0	0
2010	Aug	0	4	0	1	0
2010	Aug	11	0	0	0	0
2010	Aug	0	2	0	0	0
2010	Aug	0	0	0	2	0
2011	Jul	6	0	0	0	0
2011	Jul	0	12	0	0	0
2012	Aug	0	0	5	0	1
2012	Aug	0	9	0	0	0
2012	Aug	0	6	0	0	0
2012	Aug	14	6	0	1	0
2012	Aug	0	2	0	0	1
2012	Aug	0	0	0	5	1
2012	Aug	35	0	0	0	0
2012	Aug	7	3	0	4	0
2012	Aug	15	0	0	0	1
2012	Aug	2	1	0	0	3
2012	Aug	0	3	0	0	0
2012	Aug	0	0	0	0	2
2012	Aug	0	0	0	0	3
2012	Aug	1	0	3	1	1
2012	Aug	0	0	0	4	0
2012	Aug	0	0	2	0	1
2012	Aug	0	1	2	0	1
2012	Aug	0	0	0	0	4
2012	Aug	0	1	0	0	3
2012	Aug	0	0	0	1	5
2012	Aug	0	9	0	0	0
2012	Aug	0	1	0	0	3
2012	Aug	0	0	0	0	4
2012	Aug	0	0	0	1	0
2012	Aug	0	1	0	0	0
2012	Aug	0	6	0	0	0
2012	Aug	0	2	0	0	0
2012	Aug	20	0	0	0	0
2012	Aug	0	7	0	0	0
2016	Jul	0	0	0	0	1
2016	Jul	0	1	0	0	0
2016	Jul	0	2	0	0	0
2016	Aug	0	23	3	0	2
2016	Aug	0	21	0	0	3
2016	Aug	0	1	0	0	0
2016	Aug	0	5	0	0	0
2016	Aug	0	1	0	1	1
2018	Jul	0	0	3	0	0
2018	Jul	0	0	4	0	0
2018	Jul	0	5	4	1	1
2018	Jul	0	0	9	0	1
2018	Jul	0	0	5	4	0
2018	Aug	0	6	0	0	0
2022	Jul	0	0	0	0	1
2022	Jul	0	0	0	0	1
2022	Aug	0	1	0	0	2
2022	Aug	0	0	0	1	0
2023	Aug	0	2	0	0	0
2024	Jul	0	0	3	0	1
2024	Jul	0	13	0	0	0
2024	Jul	2	0	0	0	3
2024	Jul	0	0	6	0	1
2024	Jul	1	2	4	0	1
2024	Jul	0	10	0	0	0
2024	Jul	0	0	5	0	1
2024	Jul	0	0	7	0	0
2024	Jul	0	0	1	0	0
2024	Jul	0	0	4	0	0
2024	Jul	0	0	1	0	0
2024	Jul	0	0	0	0	1
2024	Jul	0	0	1	0	0
2024	Aug	0	0	1	0	0
2024	Aug	0	0	1	0	0
2024	Aug	0	0	1	0	0
2024	Aug	0	3	1	0	0
2024	Aug	0	0	1	0	0
2024	Aug	0	0	2	0	0
2024	Aug	0	0	4	0	0
2024	Aug	0	2	4	0	0
2024	Jul	0	2	1	1	0
2024	Aug	0	0	4	0	1
2024	Aug	0	0	0	0	1
2024	Jul	0	0	0	0	1
2024	Jul	0	0	0	0	1
2024	Jul	1	0	1	0	0
2024	Jul	0	0	0	0	3
2024	Jul	0	4	0	0	4
2024	Jul	0	19	0	0	0
